Graph,Vertices,Edges,Longest_Path,Average_Wavefront_Size,Short_Edges,Median_Edge_Length,Average_Edge_Length,Average_Bottom_Level
bcsstk34,588,10415,128,4.59375,797,6,8.26711,51.2109
mesh3e1,289,800,71,4.07042,490,1,3.3075,20.4256
msc00726,726,16896,112,6.48214,861,10,11.3887,59.0496
lund_b,147,1147,55,2.67273,168,3,3.78727,27.7755
662_bus,662,906,12,55.1667,543,1,1.85541,3.33233
plat362,362,2712,37,9.78378,718,3,6.14049,19.2155
bcsstm06,420,0,1,420,0,0,0,1
Trefethen_200b,199,1337,199,1,198,8,21.6156,100
bcsstk22,138,279,26,5.30769,140,1,2.49462,9.32609
685_bus,685,1282,31,22.0968,653,1,2.83931,5.66861
Trefethen_200,200,1345,200,1,199,8,21.6766,100.5
lund_a,147,1151,55,2.67273,168,3,3.7854,27.7755
bcsstk20,485,1325,179,2.7095,486,2,2.2634,61.2
bcsstk19,817,3018,345,2.36812,830,2,18.5046,149.775
nos1,237,390,79,3,390,1,1,40
494_bus,494,586,11,44.9091,418,1,1.54266,2.59717
bcsstk07,420,3720,88,4.77273,445,5,5.77312,42.0976
Trefethen_150,150,945,150,1,149,8,17.3598,75.5
mesh3em5,289,800,71,4.07042,490,1,3.3075,20.4256
bcsstm22,138,0,1,138,0,0,0,1
bcsstm07,420,3416,88,4.77273,438,5,5.91862,41.2238
mhdb416,416,948,102,4.07843,402,2,2.01793,31.8942
nos6,675,1290,44,15.3409,1290,1,1,20
mesh2e1,306,856,127,2.40945,331,3,20.8353,65.4771
bcsstm05,153,0,1,153,0,0,0,1
Trefethen_300,300,2189,300,1,299,8,30.1138,150.5
Trefethen_700,700,5977,700,1,699,16,61.3309,350.5
bcsstm20,485,0,1,485,0,0,0,1
nos3,960,7442,132,7.27273,1337,3,3.34426,66.4333
bcsstk04,132,1758,82,1.60976,132,11,11.9022,35.3561
gr_30_30,900,3422,88,10.2273,1711,1,1.74576,44.5
Trefethen_500,500,3989,500,1,499,16,42.1456,250.5
bcsstm19,817,0,1,817,0,0,0,1
bcsstk03,112,264,52,2.15385,122,2,1.69697,27.3929
Journals,124,5972,102,1.21569,127,30,33.7905,51.5484
nos5,468,2352,40,11.7,672,2,2.90901,17.844
nos2,957,1590,319,3,1590,1,1,160
nos7,729,1944,25,29.16,1944,1,1,13
bcsstk06,420,3720,88,4.77273,445,5,5.77312,42.0976
bcsstk05,153,1135,59,2.59322,183,4,4.32599,26.9542
mesh2em5,306,856,127,2.40945,331,3,20.8353,65.4771
gridgena,48962,231561,975,50.2174,66473,3,3.56189,408.986
bcsstm25,15439,0,1,15439,0,0,0,1
Trefethen_20000b,19999,267218,19999,1,19998,64,1112.92,10000
nd6k,18000,3439658,5621,3.20228,18132,761,1026.56,2053.39
gyro,17361,501899,2796,6.20923,17545,22,73.8991,1043.25
gyro_M,17361,161535,932,18.6277,17913,8,25.4984,348.086
finan512,74752,261120,516,144.868,85817,3,59.827,104.524
nd24k,72000,14321817,11471,6.2767,72675,1026,1419.79,4108.01
jnlbrng1,40000,79600,399,100.251,79600,1,1,200
crankseg_1,52804,5280703,4056,13.0187,53714,373,784.095,864.087
bcsstk25,15439,118401,880,17.5443,16684,5,10.1766,408.082
m_t1,97578,4827996,4266,22.8734,98050,35,76.9102,2244.01
ship_001,34920,2304655,4907,7.11636,35198,51,300.096,2264.83
Andrews,60000,350077,47,1276.6,62074,8,9.72124,12.7194
msc23052,23052,565881,192,120.062,22676,18,27.7295,50.5475
t2dah_e,11445,82336,885,12.9322,11662,5,6.08618,357.201
vanbody,47072,1144913,2470,19.0575,48121,15,28.7516,864.975
cbuckle_G,13681,251142,1471,9.30048,13841,8,16.399,678.076
cbuckle,13681,331417,1527,8.9594,15055,9,18.4614,765.599
s3dkt3m2,90449,1831506,1495,60.501,105101,7,7.57749,745.409
pdb1HYS,36417,2154174,19244,1.89238,36417,46,956.816,7149.14
crankseg_2,63838,7042510,4395,14.5251,64923,462,870.276,863.873
bodyy5,18589,55346,676,27.4985,27962,1,8.4764,257.862
LF10000,19998,39992,10000,1.9998,39992,1,1,5000.5
LF10000_E,19998,39992,10000,1.9998,39992,1,1,5000.5
LF10000_M,19998,39992,10000,1.9998,39992,1,1,5000.5
shallow_water1,81920,122880,1016,80.6299,81237,1,77.7059,129.983
smt,25710,1863737,4659,5.51835,26013,82,283.537,2131.18
ted_B,10605,66987,1215,8.7284,7266,5,5.84693,365.2
gyro_m,17361,161535,932,18.6277,17913,8,25.4984,348.086
cvxbqp1,50000,149984,25,2000,52649,2,3.32847,5.7469
uni_chimera_i1_A_05,100000,500296,29,3448.28,108846,6,7.16849,9.28544
uni_chimera_i1_A_18,100000,500296,29,3448.28,108846,6,7.16849,9.28544
uni_chimera_i1_A_02,100000,500296,29,3448.28,108846,6,7.16849,9.28544
uni_chimera_i1_A_13,100000,500296,29,3448.28,108846,6,7.16849,9.28544
uni_chimera_i1_A_07,100000,500296,29,3448.28,108846,6,7.16849,9.28544
uni_chimera_i1_A_15,100000,500296,29,3448.28,108846,6,7.16849,9.28544
uni_chimera_i1_A_21,100000,500296,29,3448.28,108846,6,7.16849,9.28544
uni_chimera_i1_A_06,100000,500296,29,3448.28,108846,6,7.16849,9.28544
uni_chimera_i1_A_12,100000,500296,29,3448.28,108846,6,7.16849,9.28544
uni_chimera_i1,100000,500296,29,3448.28,108846,6,7.16849,9.28544
uni_chimera_i1_A_19,100000,500296,29,3448.28,108846,6,7.16849,9.28544
uni_chimera_i1_A_04,100000,500296,29,3448.28,108846,6,7.16849,9.28544
uni_chimera_i1_A_11,100000,500296,29,3448.28,108846,6,7.16849,9.28544
uni_chimera_i1_A_03,100000,500296,29,3448.28,108846,6,7.16849,9.28544
uni_chimera_i1_A_26,100000,500296,29,3448.28,108846,6,7.16849,9.28544
uni_chimera_i1_A_22,100000,500296,29,3448.28,108846,6,7.16849,9.28544
uni_chimera_i1_A_08,100000,500296,29,3448.28,108846,6,7.16849,9.28544
uni_chimera_i1_A_27,100000,500296,29,3448.28,108846,6,7.16849,9.28544
uni_chimera_i1_A_25,100000,500296,29,3448.28,108846,6,7.16849,9.28544
uni_chimera_i1_A_17,100000,500296,29,3448.28,108846,6,7.16849,9.28544
uni_chimera_i1_A_24,100000,500296,29,3448.28,108846,6,7.16849,9.28544
uni_chimera_i1_A_10,100000,500296,29,3448.28,108846,6,7.16849,9.28544
uni_chimera_i1_A_23,100000,500296,29,3448.28,108846,6,7.16849,9.28544
uni_chimera_i1_A_16,100000,500296,29,3448.28,108846,6,7.16849,9.28544
uni_chimera_i1_A_20,100000,500296,29,3448.28,108846,6,7.16849,9.28544
uni_chimera_i1_A_28,100000,500296,29,3448.28,108846,6,7.16849,9.28544
uni_chimera_i1_A_14,100000,500296,29,3448.28,108846,6,7.16849,9.28544
uni_chimera_i1_A_09,100000,500296,29,3448.28,108846,6,7.16849,9.28544
uni_chimera_i1_A_01,100000,500296,29,3448.28,108846,6,7.16849,9.28544
bcsstk18,11948,68571,310,38.5419,11323,6,25.0742,116.432
crystm03,24696,279537,227,108.793,64260,3,3.29849,114
bodyy4,17546,52196,697,25.1736,24030,2,12.1154,266.61
shallow_water2,81920,122880,1016,80.6299,81237,1,77.7059,129.983
s3dkq4m2,90449,2365221,2389,37.8606,104953,9,10.0458,1193.51
Dubcova1,16129,118440,706,22.8456,16148,59,169.726,255.592
gyro_k,17361,501899,2796,6.20923,17545,22,73.8991,1043.25
raefsky4,19779,654416,367,53.8937,27424,9,15.4289,139.309
wathen120,36441,264660,921,39.5668,48200,4,3.81516,460.997
bundle1,10581,380160,10,1058.1,24683,5,4.89518,2.14885
bcsstm39,46772,0,1,46772,0,0,0,1
ted_B_unscaled,10605,66987,1215,8.7284,7266,5,5.84693,365.2
crystm02,13965,154470,167,83.6228,35586,3,3.29443,84
bloweybq,10001,29995,10001,1,10000,2,1668.11,5001
consph,83334,2963573,596,139.822,107929,12,14.6242,232.601
ct20stif,52329,1323067,1331,39.3156,52973,24,112.535,304.755
bcsstk17,10974,208838,1332,8.23874,10879,11,29.7401,776.191
nasasrb,54870,1311227,3624,15.1407,57700,9,30.84,2313.26
oilpan,73752,1761718,3017,24.4455,77267,11,15.2858,1316.61
bcsstk36,23052,560044,4457,5.17209,23914,12,111.847,1769.78
qa8fm,66127,797226,382,173.107,183345,3,3.73965,189.779
denormal,89400,533412,896,99.7768,177903,2,2.16593,448.5
LFAT5000,19994,29986,5000,3.9988,29986,1,1,2500
LFAT5000_M,19994,29986,5000,3.9988,29986,1,1,2500
LFAT5000_E,19994,29986,5000,3.9988,29986,1,1,2500
bodyy6,19366,57691,552,35.0833,31473,1,6.43823,226.487
apache1,80800,230692,207,390.338,230692,1,1,104
Dubcova2,65025,482600,1634,39.795,64865,125,395.955,587.951
obstclae,40000,78804,397,100.756,78410,1,1.49497,198.005
msc10848,10848,609465,591,18.3553,10748,58,129.013,269.552
Pres_Poisson,14822,350491,1854,7.99461,15237,23,136.284,432.343
olafu,16146,499505,1796,8.98998,16843,15,22.9556,1019.09
uni_chimera_i5_A_08,100000,199991,18,5555.56,90432,2,3.12524,3.91068
uni_chimera_i5_A_10,100000,199991,18,5555.56,90432,2,3.12524,3.91068
uni_chimera_i5_A_03,100000,199991,18,5555.56,90432,2,3.12524,3.91068
uni_chimera_i5_A_15,100000,199991,18,5555.56,90432,2,3.12524,3.91068
uni_chimera_i5_A_04,100000,199991,18,5555.56,90432,2,3.12524,3.91068
uni_chimera_i5_A_11,100000,199991,18,5555.56,90432,2,3.12524,3.91068
uni_chimera_i5_A_20,100000,199991,18,5555.56,90432,2,3.12524,3.91068
uni_chimera_i5_A_02,100000,199991,18,5555.56,90432,2,3.12524,3.91068
uni_chimera_i5_A_12,100000,199991,18,5555.56,90432,2,3.12524,3.91068
uni_chimera_i5_A_22,100000,199991,18,5555.56,90432,2,3.12524,3.91068
uni_chimera_i5_A_19,100000,199991,18,5555.56,90432,2,3.12524,3.91068
uni_chimera_i5_A_17,100000,199991,18,5555.56,90432,2,3.12524,3.91068
uni_chimera_i5_A_16,100000,199991,18,5555.56,90432,2,3.12524,3.91068
uni_chimera_i5_A_21,100000,199991,18,5555.56,90432,2,3.12524,3.91068
uni_chimera_i5_A_06,100000,199991,18,5555.56,90432,2,3.12524,3.91068
uni_chimera_i5_A_14,100000,199991,18,5555.56,90432,2,3.12524,3.91068
uni_chimera_i5_A_09,100000,199991,18,5555.56,90432,2,3.12524,3.91068
uni_chimera_i5,100000,199991,18,5555.56,90432,2,3.12524,3.91068
uni_chimera_i5_A_01,100000,199991,18,5555.56,90432,2,3.12524,3.91068
uni_chimera_i5_A_13,100000,199991,18,5555.56,90432,2,3.12524,3.91068
uni_chimera_i5_A_07,100000,199991,18,5555.56,90432,2,3.12524,3.91068
uni_chimera_i5_A_23,100000,199991,18,5555.56,90432,2,3.12524,3.91068
uni_chimera_i5_A_18,100000,199991,18,5555.56,90432,2,3.12524,3.91068
uni_chimera_i5_A_05,100000,199991,18,5555.56,90432,2,3.12524,3.91068
thermal1,82654,245902,971,85.1226,72540,5,95.567,76.0496
thread,29736,2220156,1446,20.5643,31201,86,147.698,422.028
nd12k,36000,7092473,7561,4.76127,36324,861,1198.24,2646.94
Trefethen_20000,20000,267233,20000,1,19999,64,1112.98,10000.5
wathen100,30401,220600,801,37.9538,40200,4,3.8146,400.997
t3dl_e,20360,0,1,20360,0,0,0,1
minsurfo,40806,81408,505,80.804,65650,1,1.31825,240.617
cfd1,70656,878854,4340,16.2802,100012,14,62.2767,2638.91
uni_chimera_i2_A_19,100000,348987,28,3571.43,105857,3,4.34074,5.76131
uni_chimera_i2_A_24,100000,348987,28,3571.43,105857,3,4.34074,5.76131
uni_chimera_i2_A_16,100000,348987,28,3571.43,105857,3,4.34074,5.76131
uni_chimera_i2_A_06,100000,348987,28,3571.43,105857,3,4.34074,5.76131
uni_chimera_i2_A_09,100000,348987,28,3571.43,105857,3,4.34074,5.76131
uni_chimera_i2_A_02,100000,348987,28,3571.43,105857,3,4.34074,5.76131
uni_chimera_i2_A_17,100000,348987,28,3571.43,105857,3,4.34074,5.76131
uni_chimera_i2_A_13,100000,348987,28,3571.43,105857,3,4.34074,5.76131
uni_chimera_i2_A_23,100000,348987,28,3571.43,105857,3,4.34074,5.76131
uni_chimera_i2_A_05,100000,348987,28,3571.43,105857,3,4.34074,5.76131
uni_chimera_i2_A_10,100000,348987,28,3571.43,105857,3,4.34074,5.76131
uni_chimera_i2_A_18,100000,348987,28,3571.43,105857,3,4.34074,5.76131
uni_chimera_i2_A_01,100000,348987,28,3571.43,105857,3,4.34074,5.76131
uni_chimera_i2_A_07,100000,348987,28,3571.43,105857,3,4.34074,5.76131
uni_chimera_i2_A_11,100000,348987,28,3571.43,105857,3,4.34074,5.76131
uni_chimera_i2_A_22,100000,348987,28,3571.43,105857,3,4.34074,5.76131
uni_chimera_i2_A_14,100000,348987,28,3571.43,105857,3,4.34074,5.76131
uni_chimera_i2_A_15,100000,348987,28,3571.43,105857,3,4.34074,5.76131
uni_chimera_i2_A_03,100000,348987,28,3571.43,105857,3,4.34074,5.76131
uni_chimera_i2_A_12,100000,348987,28,3571.43,105857,3,4.34074,5.76131
uni_chimera_i2_A_20,100000,348987,28,3571.43,105857,3,4.34074,5.76131
uni_chimera_i2,100000,348987,28,3571.43,105857,3,4.34074,5.76131
uni_chimera_i2_A_04,100000,348987,28,3571.43,105857,3,4.34074,5.76131
uni_chimera_i2_A_08,100000,348987,28,3571.43,105857,3,4.34074,5.76131
uni_chimera_i2_A_21,100000,348987,28,3571.43,105857,3,4.34074,5.76131
cant,62451,1972466,2397,26.0538,117369,7,7.40524,1184.78
torsion1,40000,78804,397,100.756,78410,1,1.49497,198.005
Trefethen_2000,2000,19953,2000,1,1999,32,135.112,1000.5
ex33,1733,10228,174,9.95977,2260,3,4.26819,73.1835
plbuckle_G,1282,6422,100,12.82,1449,3,3.29897,28.4984
plbuckle,1282,14681,153,8.37908,1552,4,5.13248,78.0796
fv1,9604,37830,292,32.8904,18915,1,1.74872,146.5
bcsstk08,1074,5943,78,13.7692,1481,6,9.82298,28.1294
bcsstm09,1083,0,1,1083,0,0,0,1
nasa1824,1824,18692,186,9.80645,2045,5,8.039,84.977
bcsstk11,1473,16384,195,7.55385,1754,4,9.01593,83.3449
nasa2910,2910,85693,478,6.08787,2974,18,28.1652,250.709
1138_bus,1138,1458,21,54.1905,910,1,2.93621,3.29525
sts4098,4098,34129,180,22.7667,4832,7,17.8465,48.0278
bcsstk15,3948,56934,365,10.8164,4241,9,18.002,149.842
ex3,1821,25432,564,3.22872,1835,10,13.3923,293.785
bcsstm21,3600,0,1,3600,0,0,0,1
s2rmq4m1,5489,137811,532,10.3177,6272,9,9.66958,264.829
mhd4800b,4800,11360,1198,4.00668,4786,2,2.02562,374.377
bcsstk28,4410,107307,918,4.80392,4577,13,22.6907,384.174
s2rmt3m1,5489,107016,355,15.462,6301,7,7.64958,175.622
t2dal_e,4257,0,1,4257,0,0,0,1
s3rmt3m3,5357,101169,1152,4.65017,5575,9,70.1682,223.972
bcsstk14,1806,30824,392,4.60714,1800,10,16.803,168.238
bcsstm12,1473,9093,130,11.3308,2148,3,5.70879,47.2132
s1rmt3m1,5489,107016,355,15.462,6301,7,7.64958,175.622
bcsstm26,1922,0,1,1922,0,0,0,1
msc04515,4515,46596,267,16.9101,5848,4,4.57571,115.671
ex10,2410,26215,364,6.62088,2945,5,10.108,145.833
mhd3200b,3200,7558,798,4.01003,3186,2,2.02527,249.129
bcsstk10,1086,10492,230,4.72174,1353,4,4.46035,99.9494
ex15,6867,45902,473,14.518,10837,3,3.06566,197.991
crystm01,4875,50232,117,41.6667,11556,3,3.2893,59
bcsstk24,3562,78174,856,4.16121,3783,10,28.8617,203.581
Kuu,7102,166549,414,17.1546,8160,10,13.7653,183.119
Muu,7102,81516,207,34.3092,9240,5,7.01035,91.8113
s3rmt3m1,5489,107016,355,15.462,6301,7,7.64958,175.622
bcsstk09,1083,8677,91,11.9011,1886,3,2.97061,37.9474
bcsstm08,1074,0,1,1074,0,0,0,1
s1rmq4m1,5489,137811,532,10.3177,6272,9,9.66958,264.829
s3rmq4m1,5489,137811,532,10.3177,6272,9,9.66958,264.829
fv3,9801,38612,295,33.2237,19306,1,1.74873,148
bcsstk21,3600,11500,49,73.4694,11500,1,1,25
bcsstk12,1473,16384,195,7.55385,1754,4,9.01593,83.3449
nd3k,9000,1635345,3801,2.3678,9040,574,761.595,1494.11
bcsstk38,8032,173714,2183,3.67934,8183,14,41.7912,970.141
plat1919,1919,15240,80,23.9875,4037,4,11.0997,34.1668
nasa2146,2146,35052,298,7.20134,2565,6,6.50488,149.461
bcsstm23,3134,0,1,3134,0,0,0,1
bcsstk13,2003,40940,577,3.4714,2129,22,45.1522,249.684
ex10hs,2548,27380,458,5.56332,2781,6,12.2786,187.359
Chem97ZtZ,2541,2410,2,1270.5,2410,1,1,1.94845
bcsstk16,4884,142747,690,7.07826,5930,11,11.8971,343.583
nasa4704,4704,50026,331,14.2115,5110,6,8.97869,168.567
aft01,8205,58681,503,16.3121,10685,4,5.13636,223.343
bcsstk23,3134,21022,125,25.072,4082,4,8.52588,54.2106
ex13,2568,36530,643,3.99378,2636,9,11.6171,338.173
bcsstm24,3562,0,1,3562,0,0,0,1
msc01050,1050,14053,60,17.5,1105,9,12.1183,29.9819
msc01440,1440,22415,61,23.6066,1607,8,12.1689,23.7667
ex9,3363,48054,699,4.81116,3663,8,8.80759,358.006
bcsstm11,1473,0,1,1473,0,0,0,1
bcsstk27,1224,27451,462,2.64935,1323,9,9.79108,236.216
bcsstk26,1922,14207,164,11.7195,1998,5,9.48722,100.736
fv2,9801,38612,295,33.2237,19306,1,1.74873,148
nos4,100,247,32,3.125,87,3,4.94332,13.79
Trefethen_20b,19,64,19,1,18,2,3.875,10
mesh1e1,48,129,17,2.82353,52,2,3.90698,6.8125
bcsstk01,48,176,13,3.69231,55,2,2.76136,6.79167
ex5,27,126,15,1.8,30,3,3.26984,7.92593
LFAT5,14,16,5,2.8,16,1,1,2.57143
LFAT5_M,14,16,5,2.8,16,1,1,2.57143
LFAT5_E,14,16,5,2.8,16,1,1,2.57143
bcsstm02,66,0,1,66,0,0,0,1
bcsstk02,66,2145,66,1,65,20,22.3333,33.5
mesh1em1,48,129,17,2.82353,52,2,3.90698,6.8125
mesh1em6,48,129,17,2.82353,52,2,3.90698,6.8125
LF10,18,32,10,1.8,32,1,1,5.5
LF10_E,18,32,10,1.8,32,1,1,5.5
LF10_M,18,32,10,1.8,32,1,1,5.5
Trefethen_20,20,69,20,1,19,2,4.04348,10.5
thermomech_dM,204316,609400,322,634.522,204838,2,4.58774,5.90123
apache2,715176,2051347,664,1077.07,2036503,1,1.43426,330.749
af_0_k101,503625,8523525,6765,74.4457,553268,7,7.5787,3382.65
bmw7st_1,141347,3599160,707,199.925,143072,17,56.729,138.219
StocF-1465,1465137,9770126,3004,487.729,1831481,8,19.4265,734.746
af_1_k101,503625,8523525,6765,74.4457,553268,7,7.5787,3382.65
2cubes_sphere,101492,772886,14329,7.08298,108346,15,738.788,6121.24
shipsec8,114919,3269240,3127,36.7506,119755,16,84.4127,1741.91
inline_1,503712,18156315,1752,287.507,518355,143,249.858,230.452
Spielman_k100_A_07,338402,343501,2553,132.551,338401,1,1.99885,47.547
Spielman_k100_A_02,338402,343501,2553,132.551,338401,1,1.99885,47.547
Spielman_k100_A_10,338402,343501,2553,132.551,338401,1,1.99885,47.547
Spielman_k100_A_03,338402,343501,2553,132.551,338401,1,1.99885,47.547
Spielman_k100_A_08,338402,343501,2553,132.551,338401,1,1.99885,47.547
Spielman_k100_A_09,338402,343501,2553,132.551,338401,1,1.99885,47.547
Spielman_k100_A_05,338402,343501,2553,132.551,338401,1,1.99885,47.547
Spielman_k100_A_06,338402,343501,2553,132.551,338401,1,1.99885,47.547
Spielman_k100,338402,343501,2553,132.551,338401,1,1.99885,47.547
Spielman_k100_A_04,338402,343501,2553,132.551,338401,1,1.99885,47.547
Spielman_k100_A_01,338402,343501,2553,132.551,338401,1,1.99885,47.547
bundle_adj,513351,9847350,9,57039,861067,4,4.33416,2.02909
shipsec1,140874,3836265,2100,67.0829,143869,17,53.4853,990.597
thermomech_TK,102158,304700,322,317.261,102419,2,4.58774,5.90123
thermal2,1228045,3676134,1239,991.158,1080812,5,107.136,86.9263
thermomech_TC,102158,304700,322,317.261,102419,2,4.58774,5.90123
Flan_1565,1564794,57920625,7806,200.46,1926095,20,26.3105,2633.23
af_3_k101,503625,8523525,6765,74.4457,553268,7,7.5787,3382.65
shipsec5,179860,4966618,2688,66.9122,186542,16,74.4678,1383.95
ecology2,999999,1997996,1999,500.25,1997996,1,1,1000
x104,108384,5029620,4992,21.7115,111153,26,83.8621,2737.05
bmwcra_1,148770,5247616,729,204.074,179102,17,51.8214,276.563
audikw_1,943695,38354076,4632,203.734,999629,174,1198.02,1599.55
Fault_639,638802,13987881,4462,143.165,681060,27,41.4585,1936.5
af_shell7,504855,8542010,3725,135.532,540466,7,13.4151,1433.57
af_4_k101,503625,8523525,6765,74.4457,553268,7,7.5787,3382.65
af_shell3,504855,8542010,3725,135.532,540466,7,13.4151,1433.57
af_shell4,504855,8542010,3725,135.532,540466,7,13.4151,1433.57
af_shell8,504855,8542010,3725,135.532,540466,7,13.4151,1433.57
BenElechi1,245874,6452311,5754,42.731,285750,9,12.0855,3149.49
Bump_2911,2911419,62409240,10274,283.377,3165792,16,38.1756,6064.68
af_2_k101,503625,8523525,6765,74.4457,553268,7,7.5787,3382.65
G3_circuit,1585478,3037674,2594,611.21,2478582,1,47.9135,1119.33
Geo_1438,1437960,30859365,5823,246.945,1571212,17,32.4999,2943.09
Dubcova3,146689,1744980,3266,44.914,146528,12,571.452,865.626
PFlow_742,742793,18197834,6278,118.317,807346,17,21.275,1770.53
hood,220542,5273947,604,365.136,220507,16,41.5942,71.662
parabolic_fem,525825,1574400,7,75117.9,513877,2,2.62648,4.18449
af_shell10,1508065,25582130,8360,180.391,1657617,7,7.58713,4176.63
af_5_k101,503625,8523525,6765,74.4457,553268,7,7.5787,3382.65
G2_circuit,150102,288286,733,204.778,237820,1,13.2765,315.141
offshore,259789,1991442,3452,75.2575,282838,11,107.577,1933.02
boneS01_M,127224,1055580,271,469.461,246294,3,8.05987,129.985
boneS01,127224,3293964,813,156.487,166914,9,23.2972,388.954
ship_003,121728,3982153,4367,27.8745,122930,29,253.291,2189.26
Emilia_923,923136,20041035,5241,176.137,990819,31,44.4516,2530.5
bone010,986703,35339811,2097,470.531,1542929,9,16.6355,996.769
bone010_M,986703,11451036,699,1411.59,2655381,3,5.69167,332.59
msdoor,415863,9912536,6937,59.9485,418586,15,192.91,276.37
pwtk,217918,5708253,142168,1.53282,220521,353,472.817,49158.9
ldoor,952203,22785136,6734,141.402,950863,16,80.2048,257.609
tmt_sym,726713,2177124,726235,1.00066,726578,381,553.944,363105
cfd2,123440,1482229,4357,28.3314,191844,13,28.8479,1853.89
Serena,1391349,31570176,4662,298.445,1424093,38,76.613,1652.99
Hook_1498,1498023,29709711,15618,95.9164,1534197,28,59.0362,5581.07
boneS10_M,914898,8787288,789,1159.57,1976862,3,13.8748,332.136
boneS10,914898,27276762,2367,386.522,1268886,9,40.273,995.409
Queen_4147,4147110,162676087,12114,342.34,5054087,40,44.3158,4608.16
