%HyperDAG model of naive implementation of 2 iterations of the conjugate gradient method.
%The probability for having a nonzero in any cell of matrix A is 0.50
107 115 299
0 0
0 10
0 37
0 83
1 1
1 11
1 38
1 84
2 2
2 12
2 39
2 85
3 3
3 13
3 40
3 86
4 4
4 14
4 41
4 87
5 5
5 15
5 42
5 88
6 6
6 13
6 15
6 57
7 7
7 10
7 11
7 58
8 8
8 12
8 14
8 59
9 9
9 60
10 10
10 16
11 11
11 17
12 12
12 17
13 13
13 18
14 14
14 18
15 15
15 19
16 16
16 24
17 17
17 25
18 18
18 26
19 19
19 27
20 20
20 24
21 21
21 25
22 22
22 26
23 23
23 27
24 24
24 28
24 32
24 65
25 25
25 29
25 33
25 66
26 26
26 30
26 34
26 67
27 27
27 31
27 35
27 68
28 28
28 40
28 42
28 47
28 53
28 75
29 29
29 37
29 38
29 48
29 54
29 76
30 30
30 39
30 41
30 49
30 55
30 77
31 31
31 50
31 56
31 78
32 32
32 36
33 33
33 36
34 34
34 36
35 35
35 36
36 36
36 52
36 74
37 37
37 43
38 38
38 44
39 39
39 44
40 40
40 45
41 41
41 45
42 42
42 46
43 43
43 47
43 61
44 44
44 48
44 62
45 45
45 49
45 63
46 46
46 50
46 64
47 47
47 51
48 48
48 51
49 49
49 51
50 50
50 51
51 51
51 52
52 52
52 53
52 54
52 55
52 56
52 61
52 62
52 63
52 64
53 53
53 57
54 54
54 58
55 55
55 59
56 56
56 60
57 57
57 103
58 58
58 104
59 59
59 105
60 60
60 106
61 61
61 65
62 62
62 66
63 63
63 67
64 64
64 68
65 65
65 69
65 79
65 111
66 66
66 70
66 80
66 112
67 67
67 71
67 81
67 113
68 68
68 72
68 82
68 114
69 69
69 73
70 70
70 73
71 71
71 73
72 72
72 73
73 73
73 74
73 98
74 74
74 75
74 76
74 77
74 78
75 75
75 79
76 76
76 80
77 77
77 81
78 78
78 82
79 79
79 86
79 88
79 93
79 99
80 80
80 83
80 84
80 94
80 100
81 81
81 85
81 87
81 95
81 101
82 82
82 96
82 102
83 83
83 89
84 84
84 90
85 85
85 90
86 86
86 91
87 87
87 91
88 88
88 92
89 89
89 93
89 107
90 90
90 94
90 108
91 91
91 95
91 109
92 92
92 96
92 110
93 93
93 97
94 94
94 97
95 95
95 97
96 96
96 97
97 97
97 98
98 98
98 99
98 100
98 101
98 102
98 107
98 108
98 109
98 110
99 99
99 103
100 100
100 104
101 101
101 105
102 102
102 106
103 107
103 111
104 108
104 112
105 109
105 113
106 110
106 114
% Node Weight Data
0 1 1
1 1 1
2 1 1
3 1 1
4 1 1
5 1 1
6 1 1
7 1 1
8 1 1
9 1 1
10 2 1
11 2 1
12 2 1
13 2 1
14 2 1
15 2 1
16 1 1
17 2 1
18 2 1
19 1 1
20 1 1
21 1 1
22 1 1
23 1 1
24 2 1
25 2 1
26 2 1
27 2 1
28 1 1
29 1 1
30 1 1
31 1 1
32 1 1
33 1 1
34 1 1
35 1 1
36 4 1
37 2 1
38 2 1
39 2 1
40 2 1
41 2 1
42 2 1
43 1 1
44 2 1
45 2 1
46 1 1
47 2 1
48 2 1
49 2 1
50 2 1
51 4 1
52 2 1
53 2 1
54 2 1
55 2 1
56 2 1
57 2 1
58 2 1
59 2 1
60 2 1
61 2 1
62 2 1
63 2 1
64 2 1
65 2 1
66 2 1
67 2 1
68 2 1
69 1 1
70 1 1
71 1 1
72 1 1
73 4 1
74 2 1
75 2 1
76 2 1
77 2 1
78 2 1
79 2 1
80 2 1
81 2 1
82 2 1
83 2 1
84 2 1
85 2 1
86 2 1
87 2 1
88 2 1
89 1 1
90 2 1
91 2 1
92 1 1
93 2 1
94 2 1
95 2 1
96 2 1
97 4 1
98 2 1
99 2 1
100 2 1
101 2 1
102 2 1
103 2 1
104 2 1
105 2 1
106 2 1
107 2 1
108 2 1
109 2 1
110 2 1
111 2 1
112 2 1
113 2 1
114 2 1
% BSP Data
4 1 5
% NUMA Data
0 0 0
0 1 1
0 2 1
0 3 1
1 0 1
1 1 0
1 2 1
1 3 1
2 0 1
2 1 1
2 2 0
2 3 1
3 0 1
3 1 1
3 2 1
3 3 0
