%HyperDAG model of SpMV operation.
%The probability for having a nonzero in any cell of matrix A is 0.25
131 145 305
0 0
0 46
0 64
0 100
1 1
1 66
1 74
1 122
2 2
2 86
2 102
3 3
3 18
3 34
3 76
3 88
3 124
4 4
4 104
5 5
5 16
5 20
5 78
5 90
5 114
6 6
6 22
6 36
6 50
6 92
6 106
7 7
7 24
7 38
7 80
7 94
7 108
7 126
8 8
8 58
8 128
9 9
9 26
9 60
9 82
10 10
10 84
10 110
10 130
11 11
11 28
11 40
11 48
11 52
11 54
11 68
11 112
11 118
12 12
12 30
12 42
12 96
13 13
13 62
13 70
13 98
14 14
14 32
14 44
14 56
14 72
14 116
14 120
15 15
15 16
16 16
16 131
17 17
17 18
18 18
18 132
19 19
19 20
20 20
20 132
21 21
21 22
22 22
22 132
23 23
23 24
24 24
24 132
25 25
25 26
26 26
26 132
27 27
27 28
28 28
28 132
29 29
29 30
30 30
30 132
31 31
31 32
32 32
32 132
33 33
33 34
34 34
34 133
35 35
35 36
36 36
36 133
37 37
37 38
38 38
38 133
39 39
39 40
40 40
40 133
41 41
41 42
42 42
42 133
43 43
43 44
44 44
44 133
45 45
45 46
46 46
46 134
47 47
47 48
48 48
48 134
49 49
49 50
50 50
50 135
51 51
51 52
52 52
52 135
53 53
53 54
54 54
54 136
55 55
55 56
56 56
56 136
57 57
57 58
58 58
58 137
59 59
59 60
60 60
60 137
61 61
61 62
62 62
62 137
63 63
63 64
64 64
64 138
65 65
65 66
66 66
66 138
67 67
67 68
68 68
68 138
69 69
69 70
70 70
70 138
71 71
71 72
72 72
72 138
73 73
73 74
74 74
74 139
75 75
75 76
76 76
76 139
77 77
77 78
78 78
78 139
79 79
79 80
80 80
80 139
81 81
81 82
82 82
82 139
83 83
83 84
84 84
84 139
85 85
85 86
86 86
86 140
87 87
87 88
88 88
88 140
89 89
89 90
90 90
90 140
91 91
91 92
92 92
92 140
93 93
93 94
94 94
94 140
95 95
95 96
96 96
96 140
97 97
97 98
98 98
98 140
99 99
99 100
100 100
100 141
101 101
101 102
102 102
102 141
103 103
103 104
104 104
104 141
105 105
105 106
106 106
106 141
107 107
107 108
108 108
108 141
109 109
109 110
110 110
110 141
111 111
111 112
112 112
112 141
113 113
113 114
114 114
114 142
115 115
115 116
116 116
116 142
117 117
117 118
118 118
118 143
119 119
119 120
120 120
120 143
121 121
121 122
122 122
122 144
123 123
123 124
124 124
124 144
125 125
125 126
126 126
126 144
127 127
127 128
128 128
128 144
129 129
129 130
130 130
130 144
% Node Weight Data
0 1 1
1 1 1
2 1 1
3 1 1
4 1 1
5 1 1
6 1 1
7 1 1
8 1 1
9 1 1
10 1 1
11 1 1
12 1 1
13 1 1
14 1 1
15 1 1
16 2 1
17 1 1
18 2 1
19 1 1
20 2 1
21 1 1
22 2 1
23 1 1
24 2 1
25 1 1
26 2 1
27 1 1
28 2 1
29 1 1
30 2 1
31 1 1
32 2 1
33 1 1
34 2 1
35 1 1
36 2 1
37 1 1
38 2 1
39 1 1
40 2 1
41 1 1
42 2 1
43 1 1
44 2 1
45 1 1
46 2 1
47 1 1
48 2 1
49 1 1
50 2 1
51 1 1
52 2 1
53 1 1
54 2 1
55 1 1
56 2 1
57 1 1
58 2 1
59 1 1
60 2 1
61 1 1
62 2 1
63 1 1
64 2 1
65 1 1
66 2 1
67 1 1
68 2 1
69 1 1
70 2 1
71 1 1
72 2 1
73 1 1
74 2 1
75 1 1
76 2 1
77 1 1
78 2 1
79 1 1
80 2 1
81 1 1
82 2 1
83 1 1
84 2 1
85 1 1
86 2 1
87 1 1
88 2 1
89 1 1
90 2 1
91 1 1
92 2 1
93 1 1
94 2 1
95 1 1
96 2 1
97 1 1
98 2 1
99 1 1
100 2 1
101 1 1
102 2 1
103 1 1
104 2 1
105 1 1
106 2 1
107 1 1
108 2 1
109 1 1
110 2 1
111 1 1
112 2 1
113 1 1
114 2 1
115 1 1
116 2 1
117 1 1
118 2 1
119 1 1
120 2 1
121 1 1
122 2 1
123 1 1
124 2 1
125 1 1
126 2 1
127 1 1
128 2 1
129 1 1
130 2 1
131 1 1
132 8 1
133 6 1
134 2 1
135 2 1
136 2 1
137 3 1
138 5 1
139 6 1
140 7 1
141 7 1
142 2 1
143 2 1
144 5 1

