%HyperDAG model of SpMV operation.
%The probability for having a nonzero in any cell of matrix A is 0.10
524 574 1235
0 0
0 169
0 189
0 201
0 253
0 311
0 371
0 411
0 433
1 1
1 55
1 123
1 215
1 365
1 481
2 2
2 69
2 233
2 245
2 291
3 3
3 137
3 293
3 357
3 425
3 435
4 4
4 313
4 385
5 5
5 71
5 221
5 269
5 295
6 6
6 57
6 73
6 203
6 247
6 373
7 7
7 59
7 161
7 191
7 205
7 437
8 8
8 235
8 439
9 9
9 61
9 87
9 297
9 427
9 483
10 10
10 171
10 283
10 399
11 11
11 413
11 429
12 12
12 75
12 139
12 323
12 415
12 441
12 509
13 13
13 151
13 163
13 193
13 249
13 341
13 511
14 14
14 325
14 431
14 457
14 489
15 15
15 95
15 125
15 261
15 315
15 327
16 16
16 117
16 165
16 251
16 401
17 17
17 119
17 223
17 255
17 403
18 18
18 89
18 225
18 237
19 19
19 77
19 97
19 263
19 299
19 359
19 417
19 473
19 499
20 20
20 51
20 141
20 173
20 271
20 375
20 459
20 501
20 503
21 21
21 63
21 79
21 143
21 153
21 175
21 343
21 361
21 377
21 453
21 461
22 22
22 81
22 145
22 177
22 217
22 317
22 335
22 405
22 455
23 23
23 105
23 273
23 475
24 24
24 195
24 257
24 285
24 301
24 345
24 387
24 485
25 25
25 207
25 211
25 275
25 329
25 379
26 26
26 147
26 443
26 491
26 505
27 27
27 127
27 407
27 445
28 28
28 129
28 149
28 287
28 331
29 29
29 121
29 179
29 219
29 265
29 467
29 477
30 30
30 107
30 155
30 513
31 31
31 99
31 213
31 239
31 493
32 32
32 389
33 33
33 167
33 181
33 419
33 463
34 34
34 131
34 183
34 277
34 347
34 381
34 391
34 469
34 479
35 35
35 83
35 91
35 133
35 241
35 349
35 393
35 447
35 471
36 36
36 157
36 333
36 383
36 515
37 37
37 109
37 351
37 421
37 517
38 38
38 111
38 185
38 197
38 259
38 303
38 367
38 519
39 39
39 209
39 363
39 449
39 465
40 40
40 65
40 409
41 41
41 101
41 243
41 353
41 423
41 521
42 42
42 67
42 267
42 305
42 369
42 395
42 495
42 507
43 43
43 337
43 397
44 44
44 85
44 113
44 355
45 45
45 115
45 135
45 159
45 187
45 279
45 339
46 46
46 199
46 281
46 307
47 47
47 93
47 103
47 227
47 309
47 487
48 48
48 53
48 229
48 319
48 497
48 523
49 49
49 231
49 289
49 321
49 451
50 50
50 51
51 51
51 524
52 52
52 53
53 53
53 524
54 54
54 55
55 55
55 525
56 56
56 57
57 57
57 525
58 58
58 59
59 59
59 525
60 60
60 61
61 61
61 525
62 62
62 63
63 63
63 525
64 64
64 65
65 65
65 526
66 66
66 67
67 67
67 526
68 68
68 69
69 69
69 527
70 70
70 71
71 71
71 527
72 72
72 73
73 73
73 527
74 74
74 75
75 75
75 527
76 76
76 77
77 77
77 527
78 78
78 79
79 79
79 527
80 80
80 81
81 81
81 527
82 82
82 83
83 83
83 527
84 84
84 85
85 85
85 527
86 86
86 87
87 87
87 528
88 88
88 89
89 89
89 528
90 90
90 91
91 91
91 528
92 92
92 93
93 93
93 528
94 94
94 95
95 95
95 529
96 96
96 97
97 97
97 529
98 98
98 99
99 99
99 529
100 100
100 101
101 101
101 530
102 102
102 103
103 103
103 530
104 104
104 105
105 105
105 531
106 106
106 107
107 107
107 531
108 108
108 109
109 109
109 531
110 110
110 111
111 111
111 531
112 112
112 113
113 113
113 531
114 114
114 115
115 115
115 531
116 116
116 117
117 117
117 532
118 118
118 119
119 119
119 532
120 120
120 121
121 121
121 532
122 122
122 123
123 123
123 533
124 124
124 125
125 125
125 533
126 126
126 127
127 127
127 533
128 128
128 129
129 129
129 533
130 130
130 131
131 131
131 533
132 132
132 133
133 133
133 533
134 134
134 135
135 135
135 534
136 136
136 137
137 137
137 535
138 138
138 139
139 139
139 535
140 140
140 141
141 141
141 535
142 142
142 143
143 143
143 535
144 144
144 145
145 145
145 536
146 146
146 147
147 147
147 536
148 148
148 149
149 149
149 536
150 150
150 151
151 151
151 537
152 152
152 153
153 153
153 537
154 154
154 155
155 155
155 537
156 156
156 157
157 157
157 537
158 158
158 159
159 159
159 537
160 160
160 161
161 161
161 538
162 162
162 163
163 163
163 538
164 164
164 165
165 165
165 538
166 166
166 167
167 167
167 538
168 168
168 169
169 169
169 539
170 170
170 171
171 171
171 539
172 172
172 173
173 173
173 539
174 174
174 175
175 175
175 539
176 176
176 177
177 177
177 539
178 178
178 179
179 179
179 539
180 180
180 181
181 181
181 539
182 182
182 183
183 183
183 539
184 184
184 185
185 185
185 539
186 186
186 187
187 187
187 539
188 188
188 189
189 189
189 540
190 190
190 191
191 191
191 540
192 192
192 193
193 193
193 540
194 194
194 195
195 195
195 540
196 196
196 197
197 197
197 540
198 198
198 199
199 199
199 540
200 200
200 201
201 201
201 541
202 202
202 203
203 203
203 541
204 204
204 205
205 205
205 541
206 206
206 207
207 207
207 541
208 208
208 209
209 209
209 541
210 210
210 211
211 211
211 542
212 212
212 213
213 213
213 542
214 214
214 215
215 215
215 543
216 216
216 217
217 217
217 543
218 218
218 219
219 219
219 543
220 220
220 221
221 221
221 544
222 222
222 223
223 223
223 544
224 224
224 225
225 225
225 544
226 226
226 227
227 227
227 544
228 228
228 229
229 229
229 544
230 230
230 231
231 231
231 544
232 232
232 233
233 233
233 545
234 234
234 235
235 235
235 545
236 236
236 237
237 237
237 545
238 238
238 239
239 239
239 545
240 240
240 241
241 241
241 545
242 242
242 243
243 243
243 545
244 244
244 245
245 245
245 546
246 246
246 247
247 247
247 546
248 248
248 249
249 249
249 546
250 250
250 251
251 251
251 546
252 252
252 253
253 253
253 547
254 254
254 255
255 255
255 547
256 256
256 257
257 257
257 547
258 258
258 259
259 259
259 547
260 260
260 261
261 261
261 548
262 262
262 263
263 263
263 548
264 264
264 265
265 265
265 548
266 266
266 267
267 267
267 548
268 268
268 269
269 269
269 549
270 270
270 271
271 271
271 549
272 272
272 273
273 273
273 549
274 274
274 275
275 275
275 549
276 276
276 277
277 277
277 549
278 278
278 279
279 279
279 549
280 280
280 281
281 281
281 549
282 282
282 283
283 283
283 550
284 284
284 285
285 285
285 550
286 286
286 287
287 287
287 550
288 288
288 289
289 289
289 550
290 290
290 291
291 291
291 551
292 292
292 293
293 293
293 551
294 294
294 295
295 295
295 551
296 296
296 297
297 297
297 551
298 298
298 299
299 299
299 551
300 300
300 301
301 301
301 551
302 302
302 303
303 303
303 551
304 304
304 305
305 305
305 551
306 306
306 307
307 307
307 551
308 308
308 309
309 309
309 551
310 310
310 311
311 311
311 552
312 312
312 313
313 313
313 552
314 314
314 315
315 315
315 552
316 316
316 317
317 317
317 552
318 318
318 319
319 319
319 552
320 320
320 321
321 321
321 552
322 322
322 323
323 323
323 553
324 324
324 325
325 325
325 553
326 326
326 327
327 327
327 553
328 328
328 329
329 329
329 553
330 330
330 331
331 331
331 553
332 332
332 333
333 333
333 553
334 334
334 335
335 335
335 554
336 336
336 337
337 337
337 554
338 338
338 339
339 339
339 554
340 340
340 341
341 341
341 555
342 342
342 343
343 343
343 555
344 344
344 345
345 345
345 555
346 346
346 347
347 347
347 555
348 348
348 349
349 349
349 555
350 350
350 351
351 351
351 555
352 352
352 353
353 353
353 555
354 354
354 355
355 355
355 555
356 356
356 357
357 357
357 556
358 358
358 359
359 359
359 556
360 360
360 361
361 361
361 556
362 362
362 363
363 363
363 556
364 364
364 365
365 365
365 557
366 366
366 367
367 367
367 557
368 368
368 369
369 369
369 557
370 370
370 371
371 371
371 558
372 372
372 373
373 373
373 558
374 374
374 375
375 375
375 558
376 376
376 377
377 377
377 558
378 378
378 379
379 379
379 558
380 380
380 381
381 381
381 558
382 382
382 383
383 383
383 558
384 384
384 385
385 385
385 559
386 386
386 387
387 387
387 559
388 388
388 389
389 389
389 559
390 390
390 391
391 391
391 560
392 392
392 393
393 393
393 560
394 394
394 395
395 395
395 560
396 396
396 397
397 397
397 560
398 398
398 399
399 399
399 561
400 400
400 401
401 401
401 561
402 402
402 403
403 403
403 561
404 404
404 405
405 405
405 561
406 406
406 407
407 407
407 561
408 408
408 409
409 409
409 561
410 410
410 411
411 411
411 562
412 412
412 413
413 413
413 562
414 414
414 415
415 415
415 562
416 416
416 417
417 417
417 562
418 418
418 419
419 419
419 562
420 420
420 421
421 421
421 562
422 422
422 423
423 423
423 562
424 424
424 425
425 425
425 563
426 426
426 427
427 427
427 563
428 428
428 429
429 429
429 563
430 430
430 431
431 431
431 563
432 432
432 433
433 433
433 564
434 434
434 435
435 435
435 564
436 436
436 437
437 437
437 564
438 438
438 439
439 439
439 564
440 440
440 441
441 441
441 564
442 442
442 443
443 443
443 564
444 444
444 445
445 445
445 564
446 446
446 447
447 447
447 564
448 448
448 449
449 449
449 564
450 450
450 451
451 451
451 564
452 452
452 453
453 453
453 565
454 454
454 455
455 455
455 565
456 456
456 457
457 457
457 566
458 458
458 459
459 459
459 566
460 460
460 461
461 461
461 566
462 462
462 463
463 463
463 566
464 464
464 465
465 465
465 566
466 466
466 467
467 467
467 567
468 468
468 469
469 469
469 567
470 470
470 471
471 471
471 567
472 472
472 473
473 473
473 568
474 474
474 475
475 475
475 568
476 476
476 477
477 477
477 568
478 478
478 479
479 479
479 568
480 480
480 481
481 481
481 569
482 482
482 483
483 483
483 569
484 484
484 485
485 485
485 569
486 486
486 487
487 487
487 569
488 488
488 489
489 489
489 570
490 490
490 491
491 491
491 570
492 492
492 493
493 493
493 570
494 494
494 495
495 495
495 570
496 496
496 497
497 497
497 570
498 498
498 499
499 499
499 571
500 500
500 501
501 501
501 571
502 502
502 503
503 503
503 572
504 504
504 505
505 505
505 572
506 506
506 507
507 507
507 572
508 508
508 509
509 509
509 573
510 510
510 511
511 511
511 573
512 512
512 513
513 513
513 573
514 514
514 515
515 515
515 573
516 516
516 517
517 517
517 573
518 518
518 519
519 519
519 573
520 520
520 521
521 521
521 573
522 522
522 523
523 523
523 573
% Node Weight Data
0 1 1
1 1 1
2 1 1
3 1 1
4 1 1
5 1 1
6 1 1
7 1 1
8 1 1
9 1 1
10 1 1
11 1 1
12 1 1
13 1 1
14 1 1
15 1 1
16 1 1
17 1 1
18 1 1
19 1 1
20 1 1
21 1 1
22 1 1
23 1 1
24 1 1
25 1 1
26 1 1
27 1 1
28 1 1
29 1 1
30 1 1
31 1 1
32 1 1
33 1 1
34 1 1
35 1 1
36 1 1
37 1 1
38 1 1
39 1 1
40 1 1
41 1 1
42 1 1
43 1 1
44 1 1
45 1 1
46 1 1
47 1 1
48 1 1
49 1 1
50 1 1
51 2 1
52 1 1
53 2 1
54 1 1
55 2 1
56 1 1
57 2 1
58 1 1
59 2 1
60 1 1
61 2 1
62 1 1
63 2 1
64 1 1
65 2 1
66 1 1
67 2 1
68 1 1
69 2 1
70 1 1
71 2 1
72 1 1
73 2 1
74 1 1
75 2 1
76 1 1
77 2 1
78 1 1
79 2 1
80 1 1
81 2 1
82 1 1
83 2 1
84 1 1
85 2 1
86 1 1
87 2 1
88 1 1
89 2 1
90 1 1
91 2 1
92 1 1
93 2 1
94 1 1
95 2 1
96 1 1
97 2 1
98 1 1
99 2 1
100 1 1
101 2 1
102 1 1
103 2 1
104 1 1
105 2 1
106 1 1
107 2 1
108 1 1
109 2 1
110 1 1
111 2 1
112 1 1
113 2 1
114 1 1
115 2 1
116 1 1
117 2 1
118 1 1
119 2 1
120 1 1
121 2 1
122 1 1
123 2 1
124 1 1
125 2 1
126 1 1
127 2 1
128 1 1
129 2 1
130 1 1
131 2 1
132 1 1
133 2 1
134 1 1
135 2 1
136 1 1
137 2 1
138 1 1
139 2 1
140 1 1
141 2 1
142 1 1
143 2 1
144 1 1
145 2 1
146 1 1
147 2 1
148 1 1
149 2 1
150 1 1
151 2 1
152 1 1
153 2 1
154 1 1
155 2 1
156 1 1
157 2 1
158 1 1
159 2 1
160 1 1
161 2 1
162 1 1
163 2 1
164 1 1
165 2 1
166 1 1
167 2 1
168 1 1
169 2 1
170 1 1
171 2 1
172 1 1
173 2 1
174 1 1
175 2 1
176 1 1
177 2 1
178 1 1
179 2 1
180 1 1
181 2 1
182 1 1
183 2 1
184 1 1
185 2 1
186 1 1
187 2 1
188 1 1
189 2 1
190 1 1
191 2 1
192 1 1
193 2 1
194 1 1
195 2 1
196 1 1
197 2 1
198 1 1
199 2 1
200 1 1
201 2 1
202 1 1
203 2 1
204 1 1
205 2 1
206 1 1
207 2 1
208 1 1
209 2 1
210 1 1
211 2 1
212 1 1
213 2 1
214 1 1
215 2 1
216 1 1
217 2 1
218 1 1
219 2 1
220 1 1
221 2 1
222 1 1
223 2 1
224 1 1
225 2 1
226 1 1
227 2 1
228 1 1
229 2 1
230 1 1
231 2 1
232 1 1
233 2 1
234 1 1
235 2 1
236 1 1
237 2 1
238 1 1
239 2 1
240 1 1
241 2 1
242 1 1
243 2 1
244 1 1
245 2 1
246 1 1
247 2 1
248 1 1
249 2 1
250 1 1
251 2 1
252 1 1
253 2 1
254 1 1
255 2 1
256 1 1
257 2 1
258 1 1
259 2 1
260 1 1
261 2 1
262 1 1
263 2 1
264 1 1
265 2 1
266 1 1
267 2 1
268 1 1
269 2 1
270 1 1
271 2 1
272 1 1
273 2 1
274 1 1
275 2 1
276 1 1
277 2 1
278 1 1
279 2 1
280 1 1
281 2 1
282 1 1
283 2 1
284 1 1
285 2 1
286 1 1
287 2 1
288 1 1
289 2 1
290 1 1
291 2 1
292 1 1
293 2 1
294 1 1
295 2 1
296 1 1
297 2 1
298 1 1
299 2 1
300 1 1
301 2 1
302 1 1
303 2 1
304 1 1
305 2 1
306 1 1
307 2 1
308 1 1
309 2 1
310 1 1
311 2 1
312 1 1
313 2 1
314 1 1
315 2 1
316 1 1
317 2 1
318 1 1
319 2 1
320 1 1
321 2 1
322 1 1
323 2 1
324 1 1
325 2 1
326 1 1
327 2 1
328 1 1
329 2 1
330 1 1
331 2 1
332 1 1
333 2 1
334 1 1
335 2 1
336 1 1
337 2 1
338 1 1
339 2 1
340 1 1
341 2 1
342 1 1
343 2 1
344 1 1
345 2 1
346 1 1
347 2 1
348 1 1
349 2 1
350 1 1
351 2 1
352 1 1
353 2 1
354 1 1
355 2 1
356 1 1
357 2 1
358 1 1
359 2 1
360 1 1
361 2 1
362 1 1
363 2 1
364 1 1
365 2 1
366 1 1
367 2 1
368 1 1
369 2 1
370 1 1
371 2 1
372 1 1
373 2 1
374 1 1
375 2 1
376 1 1
377 2 1
378 1 1
379 2 1
380 1 1
381 2 1
382 1 1
383 2 1
384 1 1
385 2 1
386 1 1
387 2 1
388 1 1
389 2 1
390 1 1
391 2 1
392 1 1
393 2 1
394 1 1
395 2 1
396 1 1
397 2 1
398 1 1
399 2 1
400 1 1
401 2 1
402 1 1
403 2 1
404 1 1
405 2 1
406 1 1
407 2 1
408 1 1
409 2 1
410 1 1
411 2 1
412 1 1
413 2 1
414 1 1
415 2 1
416 1 1
417 2 1
418 1 1
419 2 1
420 1 1
421 2 1
422 1 1
423 2 1
424 1 1
425 2 1
426 1 1
427 2 1
428 1 1
429 2 1
430 1 1
431 2 1
432 1 1
433 2 1
434 1 1
435 2 1
436 1 1
437 2 1
438 1 1
439 2 1
440 1 1
441 2 1
442 1 1
443 2 1
444 1 1
445 2 1
446 1 1
447 2 1
448 1 1
449 2 1
450 1 1
451 2 1
452 1 1
453 2 1
454 1 1
455 2 1
456 1 1
457 2 1
458 1 1
459 2 1
460 1 1
461 2 1
462 1 1
463 2 1
464 1 1
465 2 1
466 1 1
467 2 1
468 1 1
469 2 1
470 1 1
471 2 1
472 1 1
473 2 1
474 1 1
475 2 1
476 1 1
477 2 1
478 1 1
479 2 1
480 1 1
481 2 1
482 1 1
483 2 1
484 1 1
485 2 1
486 1 1
487 2 1
488 1 1
489 2 1
490 1 1
491 2 1
492 1 1
493 2 1
494 1 1
495 2 1
496 1 1
497 2 1
498 1 1
499 2 1
500 1 1
501 2 1
502 1 1
503 2 1
504 1 1
505 2 1
506 1 1
507 2 1
508 1 1
509 2 1
510 1 1
511 2 1
512 1 1
513 2 1
514 1 1
515 2 1
516 1 1
517 2 1
518 1 1
519 2 1
520 1 1
521 2 1
522 1 1
523 2 1
524 2 1
525 5 1
526 2 1
527 9 1
528 4 1
529 3 1
530 2 1
531 6 1
532 3 1
533 6 1
534 1 1
535 4 1
536 3 1
537 5 1
538 4 1
539 10 1
540 6 1
541 5 1
542 2 1
543 3 1
544 6 1
545 6 1
546 4 1
547 4 1
548 4 1
549 7 1
550 4 1
551 10 1
552 6 1
553 6 1
554 3 1
555 8 1
556 4 1
557 3 1
558 7 1
559 3 1
560 4 1
561 6 1
562 7 1
563 4 1
564 10 1
565 2 1
566 5 1
567 3 1
568 4 1
569 4 1
570 5 1
571 2 1
572 3 1
573 8 1

